,x1,x2,x3,x4,y
0,1.2035604605566286,0.6679545006674845,1.2653189745635778,0.11274478875437748,6.609902635095974
1,1.338045746809733,0.9961964700743637,-2.5552706453175764,1.2502906917718186,9.840166383155678
2,1.015288147038497,0.5460581917499595,-1.6342424375586886,0.009138074244446263,2.6447049664915294
3,-0.8840173937061481,0.6798571689923768,-1.359042688291092,1.6053359029389251,0.8625390950706389
4,1.1727843236744004,-0.6561246278564821,-1.1632281720733322,-0.5853265739238921,4.885979684219673
5,0.7087366991566385,0.0861787846918981,1.4648420204438022,1.0273548592726056,2.886737783430009
6,0.18291938863107013,0.12049235908601154,1.552685018597422,2.2544257764123916,7.276136262495296
7,-0.28752633475360423,0.39616170473784496,-0.5226221583654079,-0.3849357760400076,-0.04364140537106964
8,0.687720006719221,-1.408991675579545,0.9658100932214073,1.4189281137478527,2.7879481999460958
9,0.2713482224983167,0.6076665380162926,0.029718691146999147,0.3871045675494332,2.824518038100191
10,0.5239734939790103,0.7014614496303822,0.961986413283256,-0.5064161120651912,-1.1952440047028892
11,-0.866494148747174,-0.2579081115249039,-0.2899074413654413,-0.5785310324078146,-3.902311818447511
12,0.27636334452307043,0.62907342917354,-0.3019439434074036,-0.06670129139449468,1.5256024590096346
13,-2.0587541214886085,1.5933565379636805,0.5658523566770673,-0.6424016172439315,-6.930489158080196
14,-1.0148291900941242,-0.5467724673815748,-0.18315270335600634,-0.3679609085341318,-5.222078702329245
15,0.1088810697826933,-0.09544115150917899,-0.48119428350904975,-0.9800090048921185,-2.898799272352071
16,0.9787250701284163,1.6721259199577603,-0.45163290894264896,0.540095190484527,4.6886634202763995
17,0.8422628133424543,0.9657220973061239,-0.02051175038210421,1.3146946012714789,6.929090610782848
18,-0.008384195449917435,0.6824008591111836,0.82104562667163,-0.21576961327062003,-1.7107460737933522
19,-1.2427315710725584,1.66476221976464,0.2938816745974161,-0.6110231887198238,-4.3599558644726555
20,0.30974811278340214,-0.3195000512722857,1.0499374626659805,0.2626930307191577,1.5037865727075652
21,-0.897222910742463,0.6447051935466463,1.0430351339272683,-0.5958050518823378,-4.205967217999096
22,0.7627930992599598,-2.1509147521556686,0.5539200529857411,-0.793274822327787,-3.4915448689169275
23,-0.9856124057024707,1.1028538793092495,0.24356127046828538,0.07190655696370789,-2.3209607178863103
24,0.778303159871295,-1.3637550210574603,0.3030890445835179,0.1482293154273463,-0.20993252414153202
25,0.6265472212157787,0.3165060866576571,-1.2844164286876225,-0.10156245189841755,2.6602521917914506
26,-0.14111099569023117,1.057315951611666,0.8049182977235064,-0.8805866882486122,-3.8225779796604424
27,-0.3035241890523243,0.29001503294785413,-0.515491811827211,0.5268467062679831,2.154696603820038
28,0.25779927847723616,1.1656275371802467,1.2331623302872152,-0.26430460692666874,-0.9454887468513073
29,1.176273312860352,1.2001862914846824,-0.4261436300582784,0.2472703008302785,4.428993699961223
30,1.5837694940097151,-0.3248640831431425,0.34244584428807123,0.9838478715481542,4.850066063003283
31,-0.30451200031306225,-2.0244363520274447,0.8518778821865156,0.22080131432775105,-0.9706561073478939
32,1.6544626566839147,-0.5548556778651564,-1.2289000947340685,-0.15988851415763594,3.4898069630258997
33,-0.7497234145973928,-1.0836147513462582,0.982096714423548,-1.1658530248215466,-8.120428298385132
34,0.2358542909426971,0.5050681831748094,-1.0101878074666244,-0.45552386065967493,1.4429379026509923
35,0.0840859101485198,1.0968795720640971,0.16213286149132006,0.2481590410250185,0.6265520039738499
36,-1.8815131651953718,-0.037779055369250386,-0.9597524118752225,-1.635659814228739,-7.539168821566233
37,1.0922815435413,0.41690478013651466,-1.1881555490738003,0.007174313378747876,1.851476232549383
38,1.6628793050880697,0.2687855462522898,-1.2246725389570015,0.6811110897556595,5.534363915753978
39,0.4164338695666344,-0.5115013630000975,0.5235638406378088,0.19927743036937437,0.5924960624726091
40,-1.0652994160268765,-0.4725263916981321,-0.19512026182505468,-0.02186294907640103,-1.735127229160623
41,-0.8768793009212136,0.7562716775811883,-2.0620158932969934,-0.20202851057366258,0.6298117185047372
42,1.374877987689773,-0.8296974108338784,-1.323188021901384,-1.9699255220552643,-2.7821782621069815
43,1.2327896152758968,0.40574728826263223,1.5478964307254477,1.2569937457798235,4.79330762983916
44,0.5148549645155741,0.3833899743483021,0.26013294626272276,0.01892457812290943,-0.2687812988819718
45,-0.24081355761903064,0.3678598320855846,-0.5834126283174065,-0.9143470556661834,-2.993240030228329
46,0.9463282224379573,0.8085222951681571,0.7041050968996068,0.19259389917832676,2.114216569719658
47,1.1708982390269083,-1.2667796831608615,-0.8818073962580646,-0.03873560092619232,2.8977396145913583
48,0.4005481420271965,-1.9612381521893292,-0.49557387558066834,0.05485621908828255,-0.15638104572095884
49,1.5047607466568773,0.8716095430925619,-1.955819765392864,0.2959866915506246,4.961870721088321
50,-0.808625007105032,-0.16395434829677547,-3.675314018925911,0.024583684118438243,2.2919446781691812
51,-0.19010405585391463,0.43196861798589625,-0.013000254380967914,-0.10640566900347824,-0.6395385267677163
52,-2.610125341971823,0.6621510285853551,-0.1436403145883978,-0.8814804596786715,-7.735822720111867
53,1.1546338719439444,0.30671017012859736,-0.12134706844095863,0.6113380364773408,5.1830153807303345
54,-0.8585984354763041,1.2130705763556433,-2.2378131680746676,0.7145690880235546,4.908393660044317
55,-0.3977601706633144,2.1446198367195355,0.7953891728291095,-0.12129064233474983,1.121118514675746
56,-1.596792415098134,0.5115735355001398,-1.449245727829191,-0.5417205657277259,-3.6971447872727534
57,0.18896810805443232,-1.214430612700463,-1.0193738258081404,2.3115935948492057,6.8084478379129445
58,0.49748846621670256,0.5947792430066206,-0.43103189013542076,0.0017562545831461597,2.3573202607284487
59,-0.728359523052308,-1.0387876244298486,0.9770102430353538,-1.8497733565574515,-8.046291856119813
60,0.38641096755528626,-0.8996698476550302,0.6478050925625443,-0.16064242122650305,-1.735754506631801
61,-0.3555561520495135,-0.6973478721650135,-0.3883605789941952,-0.4406301628961991,-2.5276490626222596
62,-0.5110552348783194,-0.4443819568782729,-0.10063550519481682,1.5101255521289612,2.0581847609407604
63,1.3393417253335382,1.2563754093883714,-1.425938888746377,0.2827037183239348,5.012902279692959
64,1.2384584076102296,-0.1195805760494566,1.7886315871214555,-0.4479285999557608,0.03744467457646272
65,-0.8506954880876597,0.6911360951503565,0.674058603461937,0.2576728707967409,0.4449451564741458
66,0.23412817579369086,-0.8120307312522429,-0.7609938873762901,-0.36135979582118394,-0.7388700013324566
67,-0.1088868331001597,-0.0392833681142581,-0.9252915546510674,0.21884444252811416,2.3283007458128564
68,0.628703264901318,-0.3297366669431857,-0.7764899593717602,-1.551687923367747,-2.5892679228243964
69,-2.9406064114524852,-0.3864979557400165,-0.8418013147890955,-0.8169484364506564,-8.521874527812985
70,0.25417791085410696,-0.2880372201956862,0.6608602967268843,-0.7049014104102547,-2.193850320936707
71,0.3570325412029589,1.9754540449728182,1.515366165351537,-0.21435621777898411,2.069120875156216
72,1.732244007755977,-1.6175024730216674,-0.017796880466280002,-1.280818567362838,-2.013499318241899
73,-1.1316106510784734,0.8170777901671178,-1.42859712294036,0.3318173265027374,2.5425492462727495
74,-1.1084573060147884,0.7357054770392121,-0.7890497740618833,-0.711567722468298,-5.44660763242312
75,-0.1064370163112001,-0.5021882092839876,0.43659000379907464,0.7196170670574149,1.829101459842006
76,-0.47251386320016037,-0.8510509983275991,0.48617522105814476,-0.19901805665113464,-2.7922610475012974
77,0.513590072119624,-0.7039563879656946,0.4375252533273853,0.6035344016495409,1.3972943574289234
78,1.7817161572968492,-0.49856665886663887,-0.7787227252894887,0.42922924048243927,5.223036878999368
79,0.34090288584585693,-1.014108764071056,-0.229142440965795,0.1135593378315467,-1.7500514525197999
80,-1.4340004470903056,1.5074557149878387,0.4546735543452468,0.6793229598169634,0.0030782580753589694
81,-0.08066392232687732,0.18425183223802838,2.3704227072150377,0.19798216720685538,-1.3964396464984512
82,0.05923266358759538,1.0446637816671303,1.1173265921650861,0.609438549927201,3.3520122112003543
83,1.2098110601037768,-1.3302219975112417,-0.4706576307329606,-1.1791307712348114,-2.4956047785488087
84,0.0011749396222244714,1.341432370680001,0.4359200632019475,-1.3840707197954105,-4.052843575556916
85,0.17193485303046704,0.5219408163437446,1.2703577952998824,-0.04469393664163154,-1.040386126404635
86,-0.8442481825005284,-0.91346466019962,-0.9558074030614915,0.6101210141274996,1.0996115379453877
87,-1.7972085341493378,-1.2955434616641575,2.4163708237918815,-1.6997008911501335,-12.07668291754543
88,0.4216855056837207,0.04812066350750106,0.34740848317681683,-0.29798918221258003,-0.8796445587066533
89,-2.6916073305017303,-1.271027131637721,0.1838948185846365,-0.6637837821940998,-8.316220524694762
90,-0.8031581458231203,-0.46263607521457056,-0.10593415962906305,-0.8869309138900683,-4.526733399553913
91,0.7831135633712952,0.854739977967826,-0.37010915355373664,-1.2797224891782613,-0.07944621873774149
92,1.3655120888264463,-1.6231764870216348,0.769620937969619,0.7528256309658249,1.894650551681761
93,1.5798024889730697,-0.07719618112796901,0.8022469754683018,0.3030955002082246,2.8617861753767744
94,0.7924782909032226,0.16710180478329067,-0.1956676196555617,-1.9976828440077492,-4.437430678910108
95,0.8715556714843383,0.4786812277369856,1.8266994862370334,0.807811394630812,1.355012320228946
96,-0.9971742870842716,1.3149999234370997,-0.36963446264103117,0.7899805230142172,2.3563476580168152
97,0.25351449716243357,0.2530279881063086,1.6699422940446045,0.32242854699084794,0.3184556015390045
98,1.4418449583265849,-0.5421530570749128,-1.4590998929949617,-0.963213770919838,0.9161088964561658
99,-1.0776759061520964,0.9597575110885382,-1.0985072386491848,1.2376384547878336,3.3812411684218846
